-37.826447634794
-37.826447634794
-37.786733691676
-37.786733691676
-37.715309300714
-37.704803038119
-37.632222326347
-37.632222326347
-37.630285624898
-37.630285624898
-37.625889948318
-37.601861973117
-37.548410727105
-37.548410727105
-37.517350828566
-37.497836387740
-37.497836387740
-37.492536277499
-37.492536277499
-37.468426669120
-37.440412859014
-37.440412859014
-37.393910405018
-37.362466788402
-37.354658370007
-37.354658370007
-37.333502367150
-37.333502367150
-37.329873273461
-37.303528426956
-37.303528426956
-37.300435354029
-37.292259481649
-37.292259481649
-37.277731083152
-37.242086500075
-37.238327576030
-37.236809158752
-37.221427652941
-37.221427652941
-37.213684251606
-37.213684251606
-37.185564727915
-37.185564727915
-37.152256521404
-37.124877697690
-37.124877697690
-37.122725762092
-37.120110047593
-37.120110047593
-37.104785544997
-37.104785544996
-37.083029095871
-37.047368803737
-37.016427938440
-37.000030057535
-37.000030057535
-36.983856119751
-36.948184514985
-36.942904226179
-36.942904226179
-36.931191721772
-36.931191721772
-36.904521848393
-36.889969214764
-36.889969214764
-36.887778676656
-36.883508852516
-36.883508852516
-36.882486618353
-36.882486618353
-36.867634549621
-36.844652570761
-36.829229835796
-36.829229835796
-36.825194845993
-36.825194845993
-36.804177182180
-36.711795035326
-36.709198205258
-36.689993909475
-36.689993909475
-36.668937052778
-36.660122675853
-36.660122675853
-36.656855254789
-36.656855254789
-36.612884096486
-36.612884096486
-36.552901740307
-36.434439362455
-36.434439362455
-36.399052395180
-36.375654934699
-36.375654934699
-36.374374918387
-36.319735922127
-36.319735922127
-36.213255157727
-27.084506643665
-27.069400974316
-27.069400974316
-27.033373148636
-27.033373148636
-27.008758080154
-26.977829325662
-26.977829325662
-26.977186298863
-26.947015062757
-26.942929895347
-26.937473754587
-26.937473754587
-26.907497724102
-26.845411866731
-26.845411866731
-26.845236692331
-26.845236692331
-26.833484992358
-26.828276996269
-26.809441666681
-26.809441666681
-26.807854632880
-26.798913037705
-26.798913037705
-26.782506489155
-26.782506489155
-26.760664845196
-26.760664845196
-26.719902026839
-26.719902026839
-26.712840166029
-26.708746564438
-26.697077182813
-26.695779300351
-26.695779300351
-26.685713434588
-26.685713434588
-26.665657575770
-26.661295553612
-26.661295553612
-26.654987811620
-26.643942161302
-26.636796038605
-26.636796038605
-26.624432853702
-26.603296369884
-26.595974277220
-26.595974277220
-26.578367895805
-26.576294291108
-26.576294291108
-26.553160527420
-26.533727617339
-26.511463332973
-26.511463332973
-26.507817559701
-26.507817559701
-26.501405168185
-26.501405168185
-26.473980849946
-26.473980849946
-26.464919165809
-26.460496003393
-26.448501414827
-26.448501414827
-26.437854583485
-26.417828426629
-26.413913222691
-26.413913222691
-26.410405642121
-26.404790498371
-26.404790498371
-26.393093191451
-26.383058838416
-26.383058838416
-26.382079012379
-26.376035065479
-26.376035065479
-26.359911628818
-26.341029664732
-26.341029664732
-26.321685552942
-26.321685552942
-26.319616318722
-26.319605707455
-26.319605707455
-26.317252838295
-26.305653874552
-26.285508361512
-26.285508361512
-26.271318156166
-26.271318156166
-26.263926461361
-26.263322927301
-26.243063036219
-26.243063036219
-26.231429955396
-26.231429955396
-26.227348179987
-26.227348179987
-26.215252892677
-26.187627379648
-26.187627379648
-26.165646909220
-26.158767431252
-26.158767431252
-26.157292696431
-26.151521906185
-26.151334391090
-26.151334391090
-26.130486561527
-26.130486561527
-26.121553125706
-26.119146791104
-26.094978003358
-26.083676751092
-26.073820498788
-26.071623763869
-26.067259223810
-26.037943458383
-26.037943458383
-26.019784050749
-26.019784050748
-26.013734471663
-26.013734471663
-25.986393408670
-25.986393408670
-25.980519800299
-25.980519800299
-25.964049555754
-25.964049555754
-25.921433339158
-25.919592152802
-25.896664153156
-25.883051962296
-25.868280951708
-25.854894052678
-25.853995112913
-25.853995112913
-25.844383194701
-25.844383194701
-25.836373341043
-25.836373341043
-25.834565801971
-25.834565801971
-25.795550739891
-25.795550739891
-25.786017888550
-25.782012687530
-25.782012687530
-25.773512361322
-25.755427328920
-25.755427328920
-25.734259030644
-25.732747882561
-25.732747882561
-25.717938070158
-25.714214615536
-25.714214615536
-25.691963764859
-25.691963764859
-25.649806503752
-25.649806503752
-25.630834259143
-25.624676588207
-25.575104938966
-25.563695233208
-25.555126898986
-25.555126898986
-25.549931468378
-25.549931468378
-25.485797256691
-25.456620747056
-25.456620747056
-25.454962927347
-25.454962927347
-25.440140800869
-25.440140800869
-25.391216734890
-25.356347051074
-25.347693384505
-25.234490647052
-25.184559073136
-25.184559073136
-25.164762312804
-25.153318497799
-25.153318497799
-25.133829698596
-25.133829698596
-25.123333857126
-25.096861102296
-25.090716583846
-25.090716583846
-25.053457326500
-25.010391939410
-24.975017879387
-24.975017879387
-24.943630816973
-24.943630816973
-13.808118165233
-13.752255506418
-13.752255506418
-13.722674785768
-13.678827597902
-13.678827597902
-13.617412071932
-13.617412071932
-13.454310072472
-13.412053897112
-13.412053897112
-13.407460594807
-13.407460594807
-13.381183083535
-13.352683679947
-13.294500344904
-13.294500344904
-13.287772151255
-13.287772151255
-13.287317058261
-13.277580037013
-13.263582331312
-13.256011584277
-13.256011584277
-13.223489882628
-13.154155315598
-13.119004266139
-13.119004266139
-13.118396521400
-13.118396521400
-13.058409945846
-13.058409945846
-13.045736009477
-13.030615486839
-12.940756116158
-12.914135891404
-12.914135891404
-12.876364612716
-12.876364612716
-12.873849641950
-12.873849641950
-12.861750504627
-12.861750504627
-12.824391567982
-12.815012257219
-12.727526605370
-12.727526605370
-12.714110135445
-12.714110135445
-12.698360354759
-12.695999532876
-12.554595919531
-12.554595919531
-12.547124492088
-12.538394513276
-12.531106251703
-12.531106251703
-12.504833232609
-12.494791503214
-12.437825401895
-12.437825401895
-12.378512555870
-12.378512555870
-12.288587978240
-12.234334938507
-12.234334938507
-12.232968110693
-12.232968110693
-12.228233414045
-12.228233414045
-12.196410866346
-12.134192178561
-12.101657213888
-12.062594721486
-12.048519544927
-12.048519544927
-11.935012838423
-11.935012838423
-11.926144689240
-11.879213326078
-11.820555674058
-11.820555674058
-11.742440108280
-11.742440108280
-11.702548528011
-11.693499368074
-11.693499368074
-11.669570070273
-11.637193045047
-11.514785933164
-11.514785933164
-11.395494967393
-11.341055579228
-11.341055579228
-11.278015290503
-11.258504509558
-11.258504509558
-11.198185934332
-11.198185934332
-10.988742363769
