-0.0016400875491209318
-0.001640662501297202
-0.002085246056776538
-0.002085992583487046
-0.0002765563818669065
-0.0009705886625739334
-0.0019285491210981362
-0.0019266029859735562
-0.0017277794471437771
-0.0009413325097054196
-0.007206786802624314
-0.0010436954462552613
-0.0011296126359697232
-0.0011289804391213492
-0.0004927972670715102
-0.009790035013314342
-0.009789718722021194
-0.0019352585346132537
-0.0019347804474804206
-0.01038451951115948
-0.009967677346809907
-0.0012492187575370067
-0.010280169259556823
-0.005216679400044421
-0.005216638010849372
