-0.003869853286728246
-0.003870936353479984
-0.00012479671672823353
-0.0029924838500788157
-0.002993157409669039
-0.0021960455761505337
-0.0033885396007140075
-0.0033890995898270696
-0.0025469076682123194
-0.002234089744824192
-0.001128688123928124
-0.003907259369992837
-0.003908516831019491
-0.008246616436202553
-0.0014076743485655178
-0.004238890575930557
-0.004238890966911094
-0.0014942198550078859
-0.0014903978307187799
-0.0009515340442644388
-0.012028946839032474
-0.01172763114865372
-0.008058391687967337
-0.0038955809303186932
-0.0038948998079802125
