-0.0002460349361348571
-0.0002473823987741481
-0.0004059849940418713
-0.0004097520452167789
-0.0014829958375672445
-0.0025450803203597005
-0.0013819519626824988
-0.001340779062685191
-0.0019104102274173761
-0.00036319980627973566
-0.0010079576765881148
-0.001005187636324078
-0.0001655256058598599
-0.001035720199674773
-0.0010385829837680455
-0.0025706999945309095
-0.001953306986384746
-0.0016575850903346933
-0.0010712746482265817
-0.004482195296917716
-0.004481695612433608
-0.0017831746280524239
-0.003110728518256796
-0.0031108909898267955
-0.001684556948720843
