-0.0002451262044720967
-0.0002462215340369411
-0.0003488034004697274
-0.00035200454974141146
-0.00025442183991251227
-0.0011398653960578125
-0.00021670984009279957
-0.00021152536749117413
-0.002011429161317623
-0.0010630977107507064
-0.0010628816312402694
-0.00046438205327546325
-0.0030676861116463033
-0.0026528157001470035
-0.0003103442621852363
-0.0004545147469513003
-0.0011892404694632205
-0.001192809124682497
-0.002289611858244291
-0.0038262179735770673
-0.0038264101896174347
-0.000587309462535542
-0.0008901022722525553
-0.0008896776213197846
-0.0006742807567680478
