-25.041332051045
-25.041332051045
-25.009825492436
-25.009825492436
-24.966708343601
-24.921578120583
-24.921578120583
-24.920667139148
-24.888669113174
-24.830429063546
-24.830429063546
-24.830188661078
-24.830188661078
-24.805520366293
-24.805520366293
-24.804362500970
-24.781878210387
-24.752910069388
-24.752910069388
-24.744540423361
-24.741399031406
-24.741399031406
-24.716100082646
-24.698894120469
-24.682882998763
-24.665843307166
-24.665843307166
-24.662638708059
-24.662638708059
-24.636403644569
-24.614202916896
-24.606202279338
-24.595009150947
-24.595009150947
-24.557958178138
-24.557958178138
-24.546092946304
-24.541172839192
-24.541172839192
-24.527865105276
-24.526831020823
-24.526831020823
-24.511901516528
-24.502803185327
-24.502803185327
-24.500995344945
-24.496180377475
-24.496180377475
-24.488655168714
-24.488655168714
-24.487996923500
-24.478700240500
-24.478700240500
-24.448254319562
-24.444284189541
-24.444284189541
-24.444279244573
-24.434049072669
-24.429899534103
-24.429899534103
-24.422528933849
-24.357564721053
-24.349024164212
-24.349024164212
-24.331284134435
-24.331284134435
-24.325989126217
-24.314417579223
-24.314417579223
-24.288921548632
-24.288921548632
-24.284612057171
-24.284612057171
-24.260431331125
-24.252645334123
-24.235452253468
-24.205664040915
-24.205664040915
-24.186211696795
-24.186211696795
-24.182665047404
-24.170536238929
-24.170536238929
-24.164303709681
-24.134127122879
-24.114866694222
-24.114866694222
-24.083212061211
-24.083212061211
-24.056874058507
-24.056874058507
-24.054206069755
-24.029210547706
-24.017357729508
-24.017357729508
-24.001587580498
-23.959592746076
-23.959592746076
-23.874451813204
-17.851476613219
-17.851476613219
-17.832372910657
-17.832372910657
-17.808979803321
-17.773160093527
-17.756768411565
-17.738270100159
-17.738270100159
-17.736453970797
-17.734284624238
-17.734284624238
-17.734197893354
-17.727858312374
-17.722930538104
-17.722930538104
-17.708342463939
-17.708342463939
-17.705643744641
-17.694737277583
-17.690605709700
-17.690605709700
-17.678664592256
-17.678664592256
-17.677688264264
-17.620885567563
-17.596582252353
-17.563793648202
-17.563793648202
-17.562541146185
-17.562541146185
-17.538426452430
-17.537331773757
-17.537331773757
-17.535146420924
-17.535146420924
-17.526412708183
-17.522321340709
-17.517812062330
-17.517812062330
-17.515888467287
-17.513880832588
-17.509101473436
-17.509101473436
-17.487298491558
-17.487298491558
-17.484048487538
-17.474372658757
-17.459440796580
-17.459440796580
-17.458374629104
-17.432953188826
-17.432953188826
-17.429565124630
-17.429565124630
-17.428164346563
-17.428164346563
-17.416163389435
-17.416163389435
-17.398971624662
-17.398232780328
-17.396534770859
-17.396534770859
-17.389751098489
-17.388772707076
-17.388772707076
-17.378682415334
-17.378682415334
-17.374611335431
-17.370959019800
-17.370959019800
-17.361944158092
-17.357098457613
-17.355463166625
-17.355463166625
-17.347558558758
-17.340881413358
-17.330448290322
-17.328057614507
-17.303232898375
-17.303232898375
-17.301966015810
-17.301966015810
-17.295543451409
-17.293953484754
-17.279340427562
-17.279340427562
-17.248675598319
-17.248675598319
-17.246738440153
-17.246738440153
-17.244731834321
-17.244731834321
-17.244563142778
-17.244563142778
-17.243196151416
-17.233914384026
-17.233914384026
-17.230761150181
-17.230761150181
-17.230517133833
-17.230517133833
-17.212256026216
-17.209928607973
-17.205211757748
-17.203962177789
-17.203357375255
-17.185190189727
-17.169695973516
-17.169695973516
-17.160585982976
-17.160185752112
-17.160185752112
-17.152695120923
-17.152695120923
-17.145911053398
-17.145911053398
-17.119716291365
-17.119716291365
-17.105274885648
-17.095165521593
-17.095165521593
-17.092939335465
-17.091740910908
-17.091740910908
-17.090685315637
-17.070090758601
-17.070090758601
-17.069497852533
-17.068950480532
-17.058315910075
-17.038090981790
-17.036930008378
-17.036930008378
-17.033810319384
-17.019700463583
-17.019700463583
-17.001360210387
-16.992214017494
-16.983485899387
-16.983485899387
-16.954582595528
-16.953111252249
-16.953111252249
-16.951272738682
-16.951272738682
-16.949882509968
-16.949882509968
-16.949725302106
-16.949725302106
-16.942075553549
-16.942075553549
-16.939542195752
-16.939407472959
-16.936496740634
-16.917102822083
-16.917102822083
-16.910505393952
-16.905712554481
-16.905712554481
-16.885547108078
-16.885547108078
-16.882254863041
-16.871244468934
-16.871244468934
-16.865742953133
-16.865742953133
-16.861211703285
-16.861211703285
-16.849706908998
-16.849706908998
-16.847786181214
-16.846054956510
-16.799697332231
-16.783634034278
-16.778741216435
-16.686846160071
-16.686846160071
-16.684718025659
-16.672468151546
-16.672468151546
-16.653794314675
-16.651028621878
-16.646893942559
-16.646893942559
-16.636838142546
-16.632066516702
-16.632066516702
-16.612351201617
-16.612351201617
-16.606794123463
-16.594502053681
-16.591041710088
-16.591041710088
-16.549800029891
-16.528679272009
-16.494228059055
-16.494228059055
-16.479352595417
-16.479352595417
-8.447844356913
-8.402542363958
-8.402542363958
-8.377051279756
-8.313532495936
-8.313532495936
-8.297594513126
-8.297594513126
-8.295122737683
-8.295122737683
-8.294289666085
-8.272710891882
-8.272710891882
-8.247191383268
-8.225796965480
-8.225796965480
-8.218959909186
-8.199235309111
-8.141835025904
-8.108456965454
-8.099852536331
-8.099852536331
-8.083408773594
-8.083408773594
-8.066856871331
-8.048626404670
-8.048626404670
-7.982373268669
-7.981935821993
-7.981935821993
-7.955647411876
-7.894195226727
-7.894195226727
-7.858328466039
-7.848890256564
-7.848890256564
-7.836870206505
-7.831107031909
-7.831107031909
-7.830415535317
-7.830415535317
-7.807014195915
-7.807014195915
-7.805707799989
-7.793591717068
-7.793591717068
-7.789532312742
-7.753126836727
-7.753126836727
-7.726731117529
-7.726540944834
-7.711185214528
-7.709684115886
-7.709684115886
-7.704265184946
-7.704265184946
-7.686717154334
-7.653308961237
-7.653308961237
-7.623588190151
-7.614429582378
-7.614429582378
-7.582021046949
-7.549218990400
-7.524557653546
-7.522971409664
-7.522971409664
-7.443920590847
-7.443920590847
-7.371529042773
-7.371529042773
-7.367371046035
-7.352754679263
-7.329035520403
-7.316027923477
-7.316027923477
-7.302718497995
-7.302718497995
-7.264554160075
-7.264554160075
-7.238001875505
-7.238001875505
-7.220444483332
-7.194587276881
-7.189959491565
-7.189959491565
-7.170076328115
-7.148683347040
-7.073551649714
-7.068615012728
-7.068615012728
-6.901876731049
-6.859084380791
-6.859084380791
-6.811267256861
-6.808813794798
-6.808813794798
-6.763304063704
-6.763304063704
-6.622886086396
