-0.00022722488713170573
-0.00022722488068755459
-0.00020815183083193022
-0.00020815180010387585
-8.49629420509993e-05
-0.00032300431243299283
-0.0003230043132837462
-0.0024073798730391152
-0.012162588572764711
-0.007603130913781286
-0.007603130913226765
-0.002219188032283767
-0.0015806745253506955
-0.0002976541794624855
-0.0002976542008722032
-0.0007163679238482632
-0.0011760651787579963
-0.002434175106809221
-0.0024341751338636023
-0.00039264793282451493
-0.015346650313318215
-0.014900665229515301
-0.000525344164674208
-0.014230373896366933
-0.0007744723706972195
