-0.0003937647147905308
-0.0003937651100611383
-0.0003266123734580181
-0.00032661274936310385
-8.133402267360032e-06
-0.0009760809244831953
-0.0016875506282695355
-0.0016875507361341201
-0.0017028858663915537
-0.0009752325858669639
-0.007206796687052643
-0.0010199254505759742
-0.0012505885385510483
-0.0012505886268134561
-0.0002211375331312169
-0.009789121019165658
-0.009789121450954785
-0.0013794924015576434
-0.0013794919280889842
-0.010227095452467307
-0.010125097177611501
-0.0012463716790996038
-0.007264735506646089
-0.005164366824450808
-0.005164366676808638
