# converged_scf_energy_hartree -25.108974447055
# note first listed CASCI value is the ground_state_energy_hartree
# casci_state_energies_hartree
-25.138467769319
-25.090710541345
-25.090710541345
-25.014408170856
-25.014408170856
-24.946455303948
-24.882817185895
-24.882817185895
-24.840410062920
-24.838568211997
-24.829710598586
-24.808010273452
-24.808010273452
-24.730931986512
-24.717641401602
-24.717641401602
-24.701036323815
-24.701036323815
-24.652799852531
-24.652602345570
-24.646287521041
-24.646287521041
-24.642108930925
-24.608901042567
-24.608901042567
-24.606298410889
-24.606298410889
-24.605852229053
-24.605852229053
-24.561447969220
-24.559814706842
-24.548989757892
-24.526534115929
-24.526534115929
-24.474511745344
-24.470575003767
-24.470575003767
-24.449725817415
-24.449725817415
-24.425368511082
-24.401113025885
-24.401113025885
-24.382713436841
-24.382713436841
-24.357669240733
-24.357669240733
-24.340098130454
-24.322177559184
-24.322177559184
-24.301982074965
-24.301982074965
-24.261048867709
-24.256427255202
-24.254905623798
-24.250310868468
-24.238717885083
-24.238717885083
-24.200121078433
-24.179861294926
-24.155204897061
-24.141061446078
-24.141061446078
-24.122868936324
-24.122868936324
-24.100251445210
-24.066849680613
-24.040971645734
-24.040971645734
-24.006990558004
-24.006990558004
-23.988268436594
-23.975272675779
-23.975272675779
-23.959098335459
-23.959098335459
-23.957619090583
-23.957619090583
-23.949010015628
-23.906057844406
-23.884330931423
-23.881150601606
-23.881150601606
-23.847307616065
-23.815422458267
-23.808727823225
-23.808727823225
-23.765264465523
-23.765264465523
-23.760481553316
-23.736720805667
-23.736720805667
-23.717608431594
-23.689018835964
-23.689018835964
-23.582234453646
-23.582234453646
-23.543914978736
-23.503305322773
-23.503305322773
-23.426622121428
-17.905038344315
-17.905038344315
-17.889183562297
-17.889183562297
-17.858748092924
-17.814696714246
-17.764997843771
-17.764997843771
-17.742372653089
-17.734613082276
-17.734613082276
-17.733120057075
-17.729495567632
-17.703844054130
-17.587560975647
-17.578724361408
-17.553337558913
-17.553337558913
-17.549783678253
-17.532293626905
-17.532293626905
-17.532202532857
-17.532202532857
-17.501266317779
-17.498449474095
-17.498449474095
-17.471519978142
-17.471519978142
-17.449060641453
-17.449060641453
-17.446277374769
-17.446277374769
-17.412647155242
-17.398595939605
-17.398595939605
-17.395773805594
-17.395773805594
-17.394257994076
-17.394257994076
-17.380002898546
-17.380002898546
-17.362251276037
-17.361414118036
-17.359232104065
-17.335091510559
-17.335091510559
-17.311218080174
-17.291667936687
-17.278257351369
-17.258168868476
-17.247897852331
-17.247897852331
-17.240106855175
-17.236157174373
-17.236157174373
-17.232702268169
-17.232702268169
-17.222840761778
-17.222840761778
-17.218337874041
-17.205567678910
-17.205567678910
-17.205536592503
-17.205536592503
-17.198711806656
-17.188239247956
-17.186015856270
-17.186015856270
-17.184382392926
-17.184382392926
-17.155412713080
-17.155412713080
-17.147518494268
-17.130648177939
-17.130648177939
-17.114137009566
-17.114137009566
-17.088188286027
-17.085861383350
-17.069050490366
-17.069050490366
-17.054987678744
-17.054987678744
-17.051841009260
-17.048040275463
-17.048040275463
-17.032013544522
-17.030996329129
-17.020769795213
-17.010067557877
-17.006101504485
-16.999040588206
-16.989124942718
-16.970832726682
-16.970832726681
-16.963354020559
-16.963170512058
-16.944994155543
-16.942176643237
-16.942176643237
-16.928998454006
-16.918290616129
-16.917351632026
-16.914927171710
-16.914927171710
-16.891091913345
-16.885974389955
-16.885974389955
-16.877806175188
-16.877806175188
-16.867086713103
-16.854618243830
-16.851206195885
-16.841668854824
-16.841668854824
-16.835156555368
-16.824907161844
-16.824907161844
-16.813821092853
-16.813821092853
-16.807916423752
-16.807916423752
-16.791037018271
-16.791037018271
-16.769774123819
-16.769774123819
-16.738727454653
-16.737016963624
-16.737016963624
-16.733628256723
-16.733628256723
-16.687942692462
-16.687942692462
-16.685524583270
-16.685524583270
-16.676134027773
-16.668129096939
-16.668129096939
-16.636132870827
-16.619761586374
-16.598923376202
-16.591925153957
-16.582437162999
-16.582437162999
-16.557055085179
-16.557055085179
-16.542792558227
-16.537937715476
-16.537937715476
-16.535528076479
-16.522566647162
-16.522566647162
-16.520555129754
-16.507349818375
-16.507349818375
-16.501446725352
-16.500604467598
-16.468936230419
-16.468936230419
-16.464687782598
-16.464687782598
-16.459783027219
-16.459783027219
-16.448357332556
-16.415157862261
-16.415157862261
-16.387922948612
-16.387922948612
-16.383196837751
-16.383196837751
-16.339323557705
-16.333012562519
-16.333012562519
-16.306882452911
-16.306882452911
-16.300222949031
-16.300222949031
-16.294796757458
-16.294367265022
-16.283669527131
-16.204697199150
-16.204697199150
-16.194199662535
-16.194199662535
-16.175946425503
-16.164482068756
-16.162480174570
-16.127203984960
-16.080861995405
-16.080861995405
-16.049097313524
-16.049097313524
-16.027856559325
-16.026530150680
-16.025015715832
-15.995755596762
-15.854138510893
-15.854138510893
-15.841334813188
-15.841334813188
-8.473058168048
-8.429138696972
-8.429138696972
-8.402471703384
-8.276459047991
-8.276459047991
-8.215111920367
-8.215111920367
-8.078003584602
-8.078003584602
-8.059813552102
-8.059813552102
-7.991154927071
-7.965308259857
-7.930995063161
-7.914561404522
-7.914561404522
-7.910972905670
-7.910972905670
-7.886609932220
-7.884339627021
-7.841245105884
-7.800250900190
-7.800250900190
-7.782948376884
-7.782948376884
-7.768853935690
-7.699817756807
-7.663728531128
-7.625075659951
-7.625075659951
-7.605086031042
-7.605086031042
-7.593206598903
-7.573323034898
-7.538842912869
-7.538842912869
-7.526397469604
-7.501496106387
-7.492225437422
-7.492225437422
-7.487102805400
-7.487102805400
-7.438416901806
-7.423222595068
-7.409010751908
-7.391997091052
-7.391997091052
-7.360959243491
-7.360959243491
-7.327432781645
-7.327432781645
-7.291857837699
-7.291857837699
-7.266585823794
-7.266585823794
-7.232912267203
-7.232912267203
-7.154941479435
-7.154941479435
-7.147597736461
-7.123858915238
-7.077507811449
-7.077507811449
-7.067427537809
-7.059663562497
-7.059663562497
-7.052245095305
-7.022308341325
-6.970183307311
-6.901439829570
-6.901439829570
-6.876412494825
-6.876412494825
-6.855833298826
-6.854923052377
-6.854923052377
-6.836246035230
-6.818587235347
-6.818587235347
-6.710581348383
-6.694183069991
-6.693549640294
-6.693549640294
-6.678556523221
-6.655871879008
-6.596352333395
-6.596352333395
-6.528303732101
-6.451306501554
-6.451306501554
-6.420803151965
-6.384389769542
-6.384389769542
-6.338451008982
-6.223610870577
-6.223610870577
-6.159903057162
-6.159903057162
-5.903811230245
