-2.07006247878872e-05
-2.0700582368092174e-05
-8.150941389323663e-05
-8.150919151639322e-05
-0.0014870897731044893
-0.001856764177599537
-0.0020783215020628775
-0.0013523541129342018
-0.001910414522422924
-7.592458331377745e-06
-0.0007864055476675144
-0.0007864054122783096
-0.0001981227391367418
-0.0006843846206635466
-0.0006843848530665312
-0.0024390474784940345
-0.0020849685404387493
-0.0019502503601429317
-0.001067470807152056
-0.004111152768062239
-0.004111153031349195
-0.0017826554300750916
-0.0031109375362971146
-0.003110937422477514
-0.0015227259156071775
