-0.003425572388359042
-0.0034266478570528325
-0.0035414300058078402
-0.0035426184730363358
-0.00013269637159873417
-0.0008860363396982937
-0.0008885284522056521
-0.010396765691125754
-0.010396748522997979
-0.027398171604810093
-0.0003005977336524022
-0.00902061016817934
-0.0007031008949496142
-0.0007038235402219528
-0.006402538300113113
-0.006403130759167325
-0.002076438232042279
-0.0040974749729143665
-0.006507353821684474
-0.006125180994724563
-0.03442469211220181
-0.03411500376198523
-0.0033661748155219048
-0.0033673513283537567
-0.004210865972143579
