# converged_scf_energy_hartree -24.981998673423
# note first listed CASCI value is the ground_state_energy_hartree
# casci_state_energies_hartree
-25.058689212239
-25.026051685346
-25.026051685346
-25.020942783044
-25.020942783044
-25.012206487389
-24.923980429219
-24.923980429219
-24.906827444410
-24.900768727862
-24.892949625853
-24.892949625853
-24.833189711356
-24.787913630507
-24.787913630507
-24.787797573372
-24.787797573372
-24.785153138719
-24.775761236105
-24.770815090590
-24.770815090590
-24.767351871715
-24.767351871715
-24.723383171315
-24.710807889674
-24.678449892497
-24.678449892497
-24.668062669513
-24.656646891008
-24.656646891008
-24.632848705320
-24.621535484542
-24.619273519414
-24.616602289552
-24.616602289552
-24.610838689620
-24.596552673915
-24.596552673915
-24.581155115367
-24.581155115367
-24.575895151253
-24.574524917682
-24.574524917682
-24.572872551399
-24.548697728263
-24.528436230066
-24.526070103291
-24.526070103291
-24.520360614726
-24.520360614726
-24.517974029697
-24.512776854681
-24.512776854681
-24.503147853148
-24.503147853148
-24.493484112837
-24.466288408427
-24.457907991085
-24.457907991085
-24.456024198516
-24.456024198516
-24.450579683094
-24.448142666796
-24.434002916794
-24.434002916794
-24.418743154169
-24.413345919486
-24.413345919486
-24.412392511335
-24.412392511335
-24.367372736676
-24.367372736676
-24.362127893661
-24.315681923991
-24.302566932565
-24.302566932565
-24.293618480754
-24.293618480754
-24.271300013476
-24.270197548643
-24.270197548643
-24.252702666107
-24.252030116113
-24.252030116113
-24.241409629405
-24.241409629405
-24.240710849191
-24.220668964969
-24.202007175013
-24.202007175013
-24.158142253185
-24.105876968708
-24.105876968708
-24.084567081217
-24.061398111303
-24.059108505565
-24.059108505565
-24.043352663333
-24.043352663333
-23.943343584066
-17.821872200513
-17.821872200513
-17.803389705095
-17.803389705095
-17.795756388979
-17.795756388979
-17.793291643686
-17.785594845314
-17.772790570452
-17.772790570452
-17.769048445292
-17.766799236864
-17.763375083768
-17.757781967943
-17.752550218868
-17.752550218868
-17.747815941099
-17.747815941099
-17.736831810470
-17.736831810470
-17.735223978426
-17.735223978426
-17.708937106808
-17.707219844091
-17.705854331328
-17.683895875489
-17.633203622816
-17.604595302304
-17.593307553344
-17.569600168615
-17.569600168615
-17.569257403860
-17.569257403860
-17.559710425787
-17.548452512697
-17.539302816157
-17.539302816157
-17.536787606617
-17.534663116407
-17.534663116407
-17.531954273544
-17.529638586969
-17.529638586969
-17.526265552356
-17.526265552356
-17.526238483693
-17.519201153711
-17.519201153711
-17.502467462874
-17.502467462874
-17.502368489767
-17.499383722310
-17.499383722310
-17.495657423331
-17.495657423331
-17.483738892203
-17.477047332047
-17.477047332047
-17.475321702814
-17.469410439407
-17.469410439407
-17.467538833655
-17.459008330004
-17.456961394338
-17.453668791170
-17.453668791170
-17.453511429190
-17.453511429190
-17.442101742348
-17.442101742348
-17.440546640495
-17.440317653743
-17.440317653743
-17.431926951663
-17.431926951663
-17.430984308375
-17.410498305328
-17.410498305328
-17.409641463793
-17.409567073241
-17.409567073241
-17.402386246140
-17.380921244542
-17.380921244542
-17.368785105326
-17.343708696275
-17.343708696275
-17.326838008631
-17.326838008631
-17.325972438556
-17.325779674709
-17.325779674709
-17.322268146238
-17.318042323203
-17.318042323203
-17.316976049946
-17.316976049946
-17.309557579315
-17.299829098265
-17.295435429222
-17.290446930038
-17.274802568727
-17.274225179453
-17.274225179453
-17.274169008724
-17.273587715416
-17.266998024393
-17.266998024393
-17.265579455045
-17.265579455045
-17.260956015419
-17.260956015419
-17.229799641190
-17.223238531474
-17.223238531474
-17.205957638904
-17.205592247366
-17.205592247365
-17.189810195472
-17.189810195472
-17.163740629372
-17.156710652321
-17.156710652321
-17.144826023702
-17.141445920601
-17.141445920601
-17.139664480723
-17.129719298956
-17.116710716494
-17.116710716494
-17.116280308353
-17.109915169101
-17.109915169101
-17.101629074279
-17.095770486397
-17.093211105444
-17.093211105444
-17.091596119376
-17.091596119376
-17.075229098707
-17.068290892114
-17.067375429062
-17.067375429062
-17.059836650384
-17.050054415413
-17.046024407441
-17.046024407441
-17.044956213555
-17.043278341675
-17.043278341675
-17.038834335591
-17.038834335591
-17.038335031574
-17.038335031574
-17.037584759169
-17.036181955111
-17.036181955111
-17.029729803603
-17.029729803603
-17.014425790761
-17.014425790761
-17.011811539176
-17.011811539176
-17.010774319082
-17.009584151877
-17.005074856511
-17.005074856511
-16.966785507896
-16.966785507896
-16.966347530212
-16.966347530212
-16.960982507389
-16.940874379042
-16.938189144490
-16.924280436633
-16.917645611991
-16.798226676785
-16.798226676785
-16.797809123175
-16.784109276817
-16.781677191347
-16.781677191347
-16.763195511159
-16.761252732984
-16.725399354372
-16.725399354372
-16.722578695190
-16.722578695190
-16.717187508775
-16.708830654977
-16.708830654977
-16.702387154607
-16.700947983436
-16.700947983436
-16.658657255915
-16.644000621733
-16.644000621733
-16.637126788279
-16.627237346466
-16.627237346466
-8.420291516765
-8.394015434844
-8.367401291242
-8.367401291242
-8.366335886556
-8.366335886556
-8.364451735019
-8.364451735019
-8.343327966740
-8.342064116447
-8.326648979601
-8.326648979601
-8.323434687335
-8.312750499233
-8.312750499233
-8.300334308397
-8.289091690744
-8.289091690744
-8.281571538436
-8.242729089866
-8.242729089866
-8.227964325475
-8.227964325475
-8.221062338621
-8.202158517797
-8.202158517797
-8.161681495080
-8.073817313952
-8.068044459864
-8.037425985428
-8.037425985428
-8.022710723475
-8.022710723475
-7.940320318499
-7.940320318499
-7.936450503839
-7.936450503839
-7.926200310944
-7.926200310944
-7.914428105351
-7.905834912017
-7.889144991880
-7.889144991880
-7.888846987151
-7.888846987151
-7.887902960890
-7.876398925290
-7.867927889390
-7.867927889390
-7.842719526357
-7.842719526357
-7.842579035948
-7.806800044225
-7.804905074018
-7.804685001668
-7.796789313541
-7.796789313541
-7.794957377422
-7.794957377422
-7.780289528041
-7.765198336987
-7.747094555088
-7.747094555088
-7.697887197980
-7.697887197980
-7.690774714614
-7.638634074884
-7.510993319481
-7.510993319481
-7.483323908797
-7.483323908797
-7.478560857904
-7.439579045002
-7.437454947849
-7.437454947849
-7.434094943150
-7.434094943150
-7.418407651125
-7.401372271998
-7.401372271998
-7.382051109540
-7.333732782706
-7.333732782706
-7.304181145119
-7.300268606501
-7.300268606501
-7.297296921918
-7.281405474608
-7.255597542169
-7.226717333680
-7.226717333680
-6.984313302172
-6.940920219364
-6.940920219364
-6.940016078761
-6.940016078761
-6.903788332783
-6.893364957070
-6.893364957070
-6.790171767509
