-8.767333895073572e-05
-8.767330244178144e-05
-5.309083236905226e-05
-5.309080713428085e-05
-9.428457599789902e-05
-0.0007385332605351369
-0.0007385333603263516
-0.010396918057152274
-0.010396918058549004
-0.02739818237959578
-0.00019527566458098813
-0.008918717193153906
-0.0010157036506167469
-0.0010157036415685704
-0.006419608048998818
-0.006419607993335568
-0.0002761405525632777
-0.0005192726697981476
-0.0062051494431295245
-0.00626834046778283
-0.03412265948020811
-0.03441710003924145
-0.004144033990636899
-0.004144033900625361
-0.0051940329834173245
