-3.4914172849757055e-05
-3.491428985605318e-05
-8.767808831204131e-05
-8.767830411466173e-05
-0.00025529331089283206
-0.0008211812062792886
-0.000536858400474789
-0.00021686507231977542
-0.0020114293062647426
-0.0004203541626715411
-0.00042035415653400576
-3.462265431637401e-05
-0.0028865561864858053
-0.0028339421686281474
-0.00015014719199714184
-0.00045432779398851814
-0.0005613717375738877
-0.0005613718461303917
-0.0026309724831765414
-0.0038320635780640295
-0.0038320631351367426
-0.0005859807826564321
-0.0010188064100424088
-0.0010188059362657676
-0.0006196727203358852
