-0.0007924683257935731
-0.000792856764077103
-0.0015899699149207914
-0.0015902039496641853
-0.00029352580497682944
-0.0010296163282336374
-0.0010278169144213533
-0.0023907689195900176
-0.012162582707635596
-0.007603085184709624
-0.0076030564890975675
-0.0023404418871701177
-0.0014168850009231354
-0.0007598676600365335
-0.0007586027726086533
-0.0012767706463997104
-0.0011005257939657156
-0.0023997088769795198
-0.002399942985772901
-0.0026284499211767184
-0.015350726654253704
-0.014896531266308433
-0.00036799533376415095
-0.012044086341487962
-0.00012442477100776147
