-37.790590055298
-37.790590055298
-37.777116552839
-37.776993007833
-37.776993007833
-37.681362808036
-37.667061806343
-37.667061806343
-37.619359775026
-37.619359775026
-37.608216198870
-37.607341825572
-37.607341825572
-37.601252281408
-37.570829659565
-37.561364004082
-37.561364004082
-37.557887296928
-37.557887296928
-37.522257341603
-37.479434996924
-37.418542878335
-37.418542878335
-37.408269976020
-37.406577887885
-37.406577887885
-37.387493026835
-37.381709411586
-37.381709411586
-37.357994214056
-37.357994214056
-37.345892822738
-37.340214399915
-37.331445664954
-37.331445664954
-37.299686084899
-37.299686084899
-37.288732204706
-37.281547829042
-37.281547829042
-37.250347023333
-37.250347023333
-37.238543341358
-37.228098727012
-37.219135199678
-37.216407231477
-37.205027862782
-37.205027862782
-37.132649962125
-37.132649962125
-37.125035276689
-37.115834317747
-37.115834317747
-37.101710659165
-37.070503301242
-37.061984192921
-37.058449092657
-37.058449092657
-37.032243754552
-36.993805828023
-36.993805828023
-36.988701339374
-36.988701339374
-36.985423316163
-36.975800686979
-36.975800686979
-36.973932854601
-36.973932854601
-36.962897182938
-36.940180771288
-36.918438241241
-36.915694931296
-36.915694931296
-36.898111049564
-36.898111049564
-36.890314146805
-36.889835795631
-36.889835795631
-36.832325659787
-36.818452560915
-36.818452560915
-36.782714636039
-36.779731220680
-36.779731220680
-36.777681899664
-36.777681899664
-36.708893842190
-36.677648530240
-36.677648530240
-36.655210291911
-36.468479977735
-36.468479977735
-36.428927776897
-36.422022030179
-36.408491632979
-36.408491632979
-36.373984621139
-36.373984621139
-36.262150559095
-27.042985747252
-26.999620037144
-26.999620037144
-26.970510578108
-26.964629197583
-26.964629197583
-26.941597600683
-26.941597600683
-26.939354460753
-26.912985563421
-26.907654513878
-26.900842286434
-26.900842286434
-26.879200436193
-26.879200436193
-26.873577733032
-26.858087936736
-26.858087936736
-26.855050281159
-26.852348812932
-26.847021268317
-26.847021268317
-26.821344040369
-26.821344040369
-26.818118830677
-26.818118830677
-26.803380012323
-26.803380012323
-26.799459076513
-26.791189576509
-26.791189576509
-26.786176375176
-26.784746953192
-26.784746953192
-26.754363990791
-26.746049156491
-26.739830347080
-26.723676810558
-26.723676810558
-26.718403060763
-26.718403060763
-26.698226567768
-26.690187171803
-26.685187247113
-26.676925194166
-26.676925194166
-26.656205659492
-26.647675748412
-26.573364068163
-26.569182797241
-26.569182797241
-26.567226553982
-26.567226553982
-26.539118146099
-26.524366758747
-26.523697465163
-26.523697465163
-26.519507841940
-26.519507841940
-26.489423611440
-26.489423611440
-26.485061020517
-26.485061020517
-26.470989870222
-26.470989870222
-26.469056326766
-26.467732059024
-26.450676374940
-26.450676374940
-26.431181987264
-26.431181987264
-26.430067603599
-26.428293187987
-26.428293187986
-26.426306117400
-26.407000310551
-26.394239670748
-26.393580116896
-26.393580116896
-26.380365114854
-26.380365114854
-26.380100843431
-26.364693174515
-26.362022922843
-26.360471038176
-26.360471038176
-26.356243085369
-26.356243085369
-26.353785826509
-26.353785826509
-26.341615252207
-26.324456162914
-26.309353609527
-26.300725292531
-26.300725292531
-26.292674870640
-26.292674870640
-26.268705489274
-26.266991335152
-26.266991335152
-26.259812384684
-26.259812384684
-26.259177917694
-26.259177917694
-26.242708022970
-26.242708022970
-26.212302844305
-26.209366629347
-26.202038837144
-26.202038837144
-26.196345136419
-26.196345136419
-26.192599010091
-26.174962160645
-26.160226964926
-26.148404711704
-26.147507704972
-26.141050132431
-26.109279394199
-26.096133611458
-26.096133611458
-26.093265505941
-26.093265505941
-26.066211104139
-26.030382150623
-26.030382150623
-25.997498335950
-25.997498335950
-25.996004989173
-25.996004989173
-25.964724032935
-25.964724032935
-25.950936991619
-25.946394787796
-25.932652580376
-25.903536216190
-25.900970610710
-25.894320605274
-25.887919102954
-25.887919102954
-25.879382533290
-25.879382533290
-25.877569867726
-25.877569867725
-25.864646096734
-25.864646096734
-25.832985174085
-25.832985174085
-25.830209273688
-25.830209273688
-25.824825940080
-25.821069527643
-25.814898234193
-25.814898234193
-25.801839720480
-25.801839720479
-25.797909586803
-25.797909586803
-25.741341911844
-25.721302509273
-25.721302509273
-25.691957978778
-25.658163869272
-25.655131827843
-25.639572245050
-25.638202030330
-25.638202030330
-25.597611171030
-25.558776702269
-25.558776702269
-25.544400795322
-25.544400795322
-25.494061000828
-25.465296106648
-25.465296106648
-25.448720176939
-25.448720176939
-25.433347548653
-25.433347548653
-25.400446733036
-25.368289807692
-25.359880522746
-25.216680209155
-25.150058162849
-25.150058162849
-25.148861544675
-25.119431698202
-25.119431698202
-25.116528386584
-25.116528386584
-25.106405975594
-25.079753121811
-25.075523407764
-25.075523407764
-25.037409554502
-24.996426915664
-24.978386165134
-24.978386165134
-24.947535132612
-24.947535132612
-13.746275202991
-13.691263264350
-13.691263264350
-13.662180003605
-13.642754070592
-13.642754070592
-13.584115420926
-13.584115420926
-13.454968766909
-13.393741439015
-13.393741439015
-13.392363251649
-13.392363251649
-13.381874404642
-13.373565022130
-13.297448491513
-13.297448491513
-13.293288499469
-13.291871321944
-13.287776436289
-13.287776436288
-13.265297030051
-13.255443690226
-13.244988907317
-13.244988907317
-13.158646247261
-13.158646247261
-13.157776708341
-13.157776708341
-13.140595305217
-13.026832984651
-13.023138007075
-13.019501713428
-13.019501713428
-12.916913046827
-12.916913046827
-12.907272557042
-12.907272557042
-12.906620328307
-12.858156159291
-12.858156159291
-12.855431234226
-12.855431234226
-12.810552720093
-12.808102873931
-12.739746310286
-12.739746310286
-12.735909070213
-12.735909070213
-12.686545648249
-12.685620541890
-12.578923963016
-12.576392983777
-12.563351078514
-12.563351078514
-12.557578614278
-12.557578614278
-12.505998057282
-12.423718237692
-12.380125617244
-12.380125617244
-12.320853397446
-12.320853397446
-12.255950249005
-12.227345158352
-12.227345158352
-12.225889434106
-12.225889434106
-12.200680028583
-12.200680028583
-12.163747596100
-12.114276537952
-12.104931359870
-12.069511178296
-11.961599502751
-11.961599502751
-11.872538700671
-11.872538700671
-11.864406929422
-11.817434720373
-11.736933723660
-11.736933723660
-11.708136660920
-11.708136660920
-11.643386467288
-11.637765405824
-11.637765405824
-11.614526177755
-11.581716238725
-11.484160748645
-11.484160748645
-11.302765900470
-11.248988560534
-11.248988560534
-11.193793596452
-11.193793596452
-11.189930962226
-11.133581722225
-11.133581722225
-10.951644154726
