-0.002403107011002624
-0.002403107226837268
-1.0148252652563626e-06
-0.0028228159131350656
-0.0028228159253280774
-0.0021942761560224417
-0.002671397104213405
-0.0026713968479794253
-0.0025422883848685253
-0.002239123901763426
-0.0010185380346088193
-0.0013697577436448676
-0.0013697574842260931
-0.008246698276040429
-0.0013832049832404496
-0.004238938849203558
-0.004238938802864054
-0.0011455819520970682
-0.0011455812461343075
-0.0009503060494723997
-0.011789724454956216
-0.011966937454299904
-0.002185353466927751
-0.003960766067626451
-0.003960766209047878
